
-409299331
-853126002
-1670546365
-1176157730
-847110641
2057199918
-865089826
-627520153
-1710048700
-1891087797
-1675008411
-654562454
-1282207355
1539774579
1466418153
-2117352595
-44895890
-686460039
-1624082171
-1366084053
-198208827
-1139796611
2012098499
-541255670
-198768653
1071929099
-26879601
-1312506804
-303054787
-1615465553
-1092071875
-117748774
1153656727
-1401710538
1552634818
-1245619360
1401305957
-783111041
-2093773944
-705328083
1684746215
-278623657
418835273
-1875699544
-13220941
32400825
1886697216
-532632928
248878724
258120483
1600308773
331971768
432217167
-320784659
-1393133818
1447727904
1340344078
565759608
-1259722387
-199446457
-2146876201
197894000
-1531599397
1288983664
-687611138
-41759143
-1809115015
-1672086002
-421165408
1812305193
-1930667039
356570143
-949588610
130487086
-848933431
1077581649
-1729211247
516361962
-1560717990
-80618897
131532838
-1847676119
-393521801
1094897161
1123175628
369499527
1047647908
-593953656
913178886
-1371025087
-1544689379
-1696047461
-1063404904
2133885535
1332371668
-650662342
-1409331714
226055596
675172819
633100919
1138446474
-2103097876
-832104191
1196904655
-1496158665
1223621069
680488005
881052377
-1052474816
-1388202328
936828331
1791541897
-1912681512
1605568861
-577378734
-969768877
-179619754
-996744624
-1480086120
554934993
-302720704
1908713386
-797817448
-1290345870
-1478418125
-1287340173
-1458318335
-262259561
920106617
-1262448651
-1916959691
1623166512
-917803107
537303192
1684305287
-1497040318
-662556435
-1774526431
1071293085
291543432
257091765
-756071524
1104469620
1915699652
869869302
1359864253
279688829
-863593517
1062969630
